iPbO
  1  2  4  6  4  0  0  0  0  1  2 /
  4  1a1   1a2   1b1   1b2 /
  1 /
  4  3  2  /Irrep product
  1  1 /
  3  1  3  4 /
  5  1  1  2  3  4 / 
  7  1  1  2  3  3  4  4 / 
  1  1  1 /
  1 /
  3  3  2 /
  0  0  1 /
  1  0  0 /
  0  1  0  /
  5  6  3 /
  1  1 -4  0  0  0 /
  1 -1  0  0  0  0 /
  0  0  0  1  0  0 /
  0  0  0  0  1  0 /
  0  0  0  0  0  1 / 
  7 10  4 /
  0  0  4  0 -9  0 -9  0  0  0 /  
  0  0  0  0  1  0 -1  0  0  0 / 
  0  0  0  0  0  0  0  0  0  1 /
  4  0  0  0  0 -9  0 -9  0  0 /
  0  0  0  0  0  1  0 -1  0  0 /
  0  4  0 -9  0  0  0  0 -9  0 /
  0  0  0  1  0  0  0  0 -1  0 /
  3  1  1 /
      0.5920E+00  -0.7695   
      0.3028E+00  0.9992  
      0.922E-01   0.6278 
  3  2  2 / 
     0.7564E+00           -0.0950 0.0   
     0.1876E+00            0.5751 0.0   
     0.610E-01             0.5534 1.0   
  1  3  1 /
     0.30  1. / 
  4  1  1 /
      8.6570000             -0.132990        
      0.8692000              0.561686      
      0.3994000              0.299161    
      0.1978000              0.239698  
  4  2  2 /
     13.3400000              0.062632 0.0         
      3.0160000              0.280326 0.0     
      0.8489000              0.515167 0.0         
      0.2371000              0.388394 1.0  
  1  3  1 /
      0.90  1. /
  4  4  /
6 / Pb g  
2      0.50800002            -0.74859297       
2      1.29289997            -8.60412693       
2      3.43869996           -26.17820168       
2     11.49810028          -107.49287415       
2     36.33620071          -246.23016357       
1    113.20490265           -56.31761551       
8 / Pb s-g 
2      0.22970000            -0.14575300       
2      0.93140000            38.23120117       
2      1.07169998           -96.50691986       
2      1.55499995           241.82226562       
2      2.09069991          -282.88000488       
2      2.90470004           164.92074585       
1      9.83230019            52.07824707       
0     27.40800095             6.50291586       
8 / Pb p-g  
2      0.14990000            -0.02626400       
2      1.24570000           248.63769531       
2      1.03120005           -63.24785995       
2      1.59749997          -321.25946045       
2      2.07649994           179.96823120       
2      5.17929983             1.05947304       
1      8.42840004            47.10823059       
0     24.58130074             5.81061316       
8  / Pb d-g  
2      0.61720002            93.85963440       
2      0.70740002          -202.12463379       
2      0.91750002           226.66917419       
2      1.22179997          -178.51530457       
2      1.64769995            97.73090363       
2      5.08220005            47.09598160       
1      8.89140034            44.10550690       
0     17.54299927             7.95272112       
8 / Pb f-g  
2      0.81099999           124.17366028       
2      0.94230002          -255.84779358       
2      1.22370005           257.96179199       
2      1.67830002          -191.85612488       
2      2.25040007           113.37288666       
2      8.25269985            90.45600128       
1     16.56539917            51.46012878       
0     42.04230118             4.82522202       
8 / Pb P
         2    0.1499            0.000180
         2    1.2457           35.619946
         2    1.0312            0.777036
         2    1.5975          -93.906075
         2    2.0765           68.903358
         2    5.1793          -19.590405
         1    8.4284            3.863060
         0   24.5813           -0.364782
8 / Pb D
         2    0.6172            9.151453
         2    0.7074          -19.675507
         2    0.9175           18.392426
         2    1.2218          -11.015307
         2    1.6477            3.154984
         2    5.0822           -0.348117
         1    8.8914            0.026567
         0   17.5430           -0.006502
8 / Pb F
         2    0.8110          -19.767302
         2    0.9423           47.510975
         2    1.2237          -53.126827
         2    1.6783           40.826679
         2    2.2504          -16.799400
         2    8.2527            2.966690
         1   16.5654           -0.719187
         0   42.0423            0.063507
6 / Pb G
         2    0.5080           -0.011510
         2    1.2929           -0.037096
         2    3.4387            0.127637
         2   11.4981           -0.142059
         2   36.3362            0.537499
         1  113.2049            0.701813
 1 1 /
 3 / O p 
2     10.02859998            -0.79842000
2     34.19799995            -5.76684701
1     100.00389957           -1.48645601
 4 / O s-p 
2      2.24790001            11.21630394
2      2.40490001           -16.34447694
1      4.37400001             1.04294400
0      2.18920001             2.19389099
 3 / O p spin-orbit operator  
2     10.02859998             0.015566
2     34.19799995            -0.012480
1     100.00389957            0.073898
Pb  3  1  4  / 
    0.0           0.0000000        0.0 / 
  1  1 /
  2  2 /
  3  3 / 
  1 / 
O   3  1  6 /
    0.0           0.0000000        3.9061 / 
  4  1 /
  5  2 /
  6  3 /
  2 /  
