1234567896 
1234567891 
1234567899 
1234567895 
1234567847 
1234567941 
1234568927 
1234578957 
1234689630 
1234578960 
1234678975 
1235678933 
1245678998 
1345678920 
1234567892 
1234567844 
1234567970 
1234568951 
1234578981 
1234678969 
1235678949 
1234578993 
1234567897 
1234567898 
1234567891 
1234567966 
1234568918 
1234578983 
1234678956 
1235678921 
1245678955 
1345678937 
1234567895 
1234567895 
1234567895 
1234567988 
1234568936 
1234578932 
1234678946 
1235678913 
1245678924 
1234567896 
1234567892 
1234567811 
1234567990 
1234568979 
1234578986 
1678977111 
1234567896 
1234567891 
1234567899 
1234567895 
1234567847 
1234567941 
1234568927 
1234578957 
1234689630 
1234578960 
1234678975 
1235678933 
1245678998 
1345678920 
1234567892 
1234567844 
1234567970 
1234568951 
1234578981 
1234678969 
1235678949 
1234578993 
1234567897 
1234567898 
1234567891 
1234567966 
1234568918 
1234578983 
1234678956 
1235678921 
1245678955 
1345678937 
1234567895 
1234567895 
1234567895 
1234567988 
1234568936 
1234578932 
1234678946 
1235678913 
1245678924 
1456789841 
